5552	960
4316	960
920	960
7410	960
2066	960
1758	960
5777	3815
4254	3815
4145	3815
5800	3815
7006	3815
2886	3815
2887	3815
2214	952
1399	3815
1796	3815
5296	3815
8651	3815
10750	3815
9402	3815
10019	3815
161742	3815
10603	3815
200734	3815
934	2268
5175	952
1601	2268
1232	2268
2268	3059
6504	2268
3635	2268
54567	4855
920	952
4772	5292
5800	5292
10951	5292
7855	7474
735	966
4920	7474
8321	7474
5777	6098
10451	6098
2665	4218
10133	4218
5871	4218
9501	4218
731	966
94121	4218
9699	4218
22895	4218
3679	1134
55607	71
2886	2064
5058	2064
1742	2064
5296	2064
26469	2064
55914	2064
64750	394
4771	2064
3732	2064
54206	2064
10140	2064
4585	2064
9463	2064
64750	10628
11218	2117
7088	2290
7090	2290
3065	2290
4086	2290
10765	2290
64750	1601
867	7409
5335	7409
5618	7409
7297	7409
64750	9993
5594	7409
7409	391
3265	7409
695	7409
7046	960
6850	7409
6461	7409
5588	7409
7006	7409
3572	7409
3190	7409
6503	7409
2185	7409
2146	7409
3937	7409
7048	960
7791	7409
6452	7409
6478	7409
27040	7409
397	7409
8651	7409
8639	7409
4752	7409
868	7409
29760	7409
29127	7409
55824	7409
1794	7409
64750	23172
64750	64746
5175	7525
948	7525
6134	7525
4486	7525
7301	7525
8038	7525
4868	7525
4950	7525
1742	7525
23607	7525
59341	7525
64750	8175
51206	7525
7159	7525
7074	960
6667	5966
1997	5966
64750	8310
64750	54778
55922	5966
6908	5966
64750	135932
64750	7805
5599	5966
64750	6625
5531	5966
9631	9372
25870	9372
2114	9372
4092	51427
4092	29068
4092	8458
3312	5966
4092	4654
2959	5966
9138	960
4092	6660
4092	55870
4092	27107
5966	801
4092	9580
4067	3815
5295	3815
5335	3815
5781	3815
29124	71
4771	960
5578	3815
6714	3815
3815	6772
975	3815
8777	3815
3932	952
26228	3815
867	2268
2268	6714
7454	2268
6850	2268
5747	2268
10969	2248
9794	4855
55294	4855
3630	4856
4851	4856
28514	4856
6275	4856
27044	5292
11335	5292
25	6098
3791	2321
7422	2321
5336	2321
6464	2321
545	2321
6688	2078
2313	2078
2115	2078
9869	2078
4092	7270
6654	6237
928	966
3572	5008
867	4067
4067	5335
5175	4067
948	4067
5777	4067
7297	4067
4067	5580
4067	695
2892	4067
11034	71
6714	966
4145	4067
934	4067
4067	6850
5141	4067
4067	5336
5588	4067
6464	4067
836	4067
3190	4067
5747	4067
5591	4067
2185	4067
5294	4067
4067	3059
3937	4067
5595	4067
4067	11184
10657	4067
4067	6004
91544	9372
4067	5511
4868	4067
1742	4067
9564	4067
9094	4067
50852	4067
8631	4067
8935	4067
4067	59341
55824	4067
9846	4067
84106	4067
139716	4067
23645	4067
4067	2213
3635	4067
23624	4067
55024	4067
51206	4067
51466	4067
2885	971
4739	4067
51363	4067
10603	4067
79930	4067
6688	3725
5449	3725
4094	3725